100
6 1 1000000000000000
1 1 1 1 0 100 0
6 1 -100
1 1 1 1 0 100 0
500000 0 360061224048943
905881121 905881121 0 0 905881121 1000000000 0
6402 1730 970368188381987
763685034 929752605 433225722 665223442 796576585 734436215 0
460136 184402 -231656385431572
9570513 357022653 737158004 484987543 953923294 522839369 0
500000 500000 -47910202087209
666573825 662360874 107450570 479214781 160945500 701010261 0
500000 0 230512541662566
540699797 540699797 0 0 540699797 1000000000 0
500000 142411 3565884
8 0 56153312 262148318 577729010 11 0
500000 304615 -340904051572463
262487481 629042391 338591945 414212526 32290626 799279563 0
205180 6702 -235221761632954
131818122 380131907 524236894 830384902 727677856 289385285 0
261941 0 -675089913432272
869623005 869623005 0 0 869623005 1000000000 0
500000 462764 2332685
5 5 343947639 251831616 178210472 11 0
383751 383751 1000000000000000
947070542 282815796 592880898 316146010 303812944 322233201 0
500000 0 -830749049923400
190068535 190068535 0 0 190068535 1000000000 0
220004 0 458210957113779
372279387 372279387 0 0 372279387 1000000000 0
354720 213074 -610922126789320
375111954 582548172 50149500 626783186 628979534 469946597 0
124837 124837 1000000000000000
176276327 170363920 657399920 591374524 650855641 570443319 0
244996 169799 138508303427182
764590643 734517832 432794468 837543516 1654 354282867 0
500000 500000 1000000000000000
613573227 656124739 141037237 702977274 349386202 769984575 0
87546 44895 -337653703338529
92566112 662490727 533817381 247873712 881921233 574797907 0
379968 88655 -838787299133957
249377455 719714946 735110712 619801573 678313392 63266497 0
94509 31626 -563512676305814
371950087 291266627 942574719 741215486 238873826 475354465 0
500000 500000 1000000000000000
154467536 306112056 465190125 961501556 873470525 272516707 0
500000 374128 1743393
10 9 848424875 925722284 273665999 11 0
215282 0 684181114556876
623754573 623754573 0 0 623754573 1000000000 0
270426 270426 423784314352920
278803614 250136473 766079817 473877886 33331537 876952077 0
67510 36663 11737466533366
990961775 394276504 662848749 759085107 74625006 533985775 0
181988 98900 442656924007817
694424671 916799326 538098186 20448768 148405645 94378949 0
213917 213917 -860660639309789
991737746 361864091 498693864 501724420 4152926 602760109 0
500000 346349 2917966
8 7 340383163 986168507 918664619 11 0
323966 0 189393797928004
558364903 558364903 0 0 558364903 1000000000 0
350818 350818 1000000000000000
942774041 232764539 47790393 915206837 743043159 947171993 0
500000 28840 4602665
9 2 429805228 821075352 282925338 11 0
500000 257641 1000000000000000
634157454 945921621 516824008 340345109 100638687 505691443 0
442931 442931 1000000000000000
734626314 342684853 38463455 848144007 923011642 283762237 0
500000 500000 -136972203747735
325785121 473488759 837100834 518801693 949530720 321751155 0
255231 140845 -285832387046549
808405344 563291115 354493210 84219085 625015583 355336379 0
2 2 1000000000000000
1 1 0 0 0 1000000000 0
235130 192339 -789609481531316
65545689 760271339 143099887 784860259 905732420 771704637 0
500000 500000 1000000000000000
0 0 0 0 0 1000000000 0
210981 134387 -32680748102059
319658158 807547133 626182039 503602464 621073258 909700387 0
379021 180164 -922206001487240
890226419 586246574 974302845 30178439 333406613 603069597 0
500000 0 108874089732371
337835797 337835797 0 0 337835797 1000000000 0
132610 85262 213860552773396
549156640 616814905 507773800 56982593 971614766 284559565 0
7155 6738 515437480581621
357843136 300036244 533604702 780090352 618592109 562016321 0
500000 320530 1000000000000000
915899942 383997243 225255936 514300807 668052825 799447473 0
325135 245483 -622451455958365
164439341 468401746 549153413 985841690 620138608 220835943 0
500000 500000 558843920266410
192945429 82808400 877936434 667981190 71191031 974105939 0
140830 129687 -124379727134586
933347575 466767949 779215491 920743873 982999353 24669665 0
273115 271886 -895670547633093
794124074 609795505 202106278 183591803 210465084 263752352 0
500000 378100 -999529912289294
226588175 915140140 473210293 515379633 337288143 425676575 0
403053 181211 758269273198521
322993670 306317148 479958966 140671305 174018898 799966701 0
16839 15647 80934650686065
390923818 202850022 864253791 298646572 244715344 304821343 0
7155 7155 -318268218189737
900510562 514826597 567683468 503034572 937771460 223367257 0
270426 187110 1000000000000000
910034432 459361161 470381950 327178124 537473219 210427717 0
500000 500000 1000000000000000
999999999 999999999 0 0 999999999 1000000000 0
500000 138998 1000000000000000
483923270 696997800 396227369 183504658 161751294 536000575 0
209037 209037 -433310166695263
458262976 795035556 682101072 138420334 700356917 111118927 0
500000 267059 646404515673257
702048916 149777951 904036909 603666095 893217339 701958841 0
500000 500000 1000000000000000
414707307 646245094 63788972 641526627 78335174 411551477 0
279927 114614 497542370653736
159183919 656367192 468354788 25318876 602878961 72199544 0
476344 178593 -485257145658013
117209366 232230160 672544258 493635947 47956144 964880673 0
213917 196168 1000000000000000
575494098 897772417 161022378 710022133 572333477 24972079 0
191868 139008 -590507915431427
332098073 823867792 697920383 713977873 142882967 217404725 0
7155 5854 1000000000000000
732241471 535349643 847250070 678907432 791196499 368479629 0
500000 301046 1836157
3 6 567629740 54314437 392971868 11 0
500000 500000 -197328768057768
360634914 290845410 420089997 929305397 251645599 982937297 0
500000 386317 961882234605961
413837114 420011788 610438744 5542359 486826933 143300865 0
2 0 1000000000000000
1 1 0 0 0 1000000000 0
362829 117173 451118398904428
562313036 591571571 910127883 260430524 40949356 793736017 0
146152 130182 -734330374184463
467947666 904626627 724462878 930108958 114789128 642371307 0
142773 93044 -319304630821007
659796938 978500561 772505435 488386193 558756674 744741931 0
138402 39143 285554894192720
16921907 16993555 552122422 481228817 969072582 620550834 0
500000 205382 1000000000000000
711314766 31285644 615736381 892876579 77495564 297256511 0
417789 129536 -796534678955102
327471552 598198220 782981905 657669298 526535573 950853507 0
2 1 1000000000000000
1 1 0 0 0 1000000000 0
343126 245008 -939026121309746
599071040 756501209 488926803 882149378 427749601 52258263 0
40094 38428 929463211914233
895459913 929051333 886371908 484543739 541323644 437614415 0
213917 148243 -5393204449492
664267580 573361213 621083585 333118982 433273616 371884167 0
209037 134792 -481397495460125
864861769 77775423 933676636 659877958 410080840 374754779 0
293653 272685 -851368227272667
766119883 49732433 305743473 142938178 593211134 138412309 0
500000 294310 4298088
4 0 10558755 641488654 515718771 11 0
233426 27762 963158471533900
218099944 917169510 320823182 900551582 585731892 56344005 0
500000 500000 1000000000000000
213748596 408623679 554583290 513815692 208321450 364126529 0
270426 248275 -962235599120678
210515740 811152691 704666390 780996620 234077485 635206321 0
206282 145082 6031556871808
649988939 144058135 39230369 29871868 487628446 858725531 0
145527 50214 -994085256466602
526951997 239697507 343670176 663599975 456104565 92625405 0
20379 15665 -583606240201614
526152459 608288676 542456269 323083255 170761983 497585538 0
159629 120360 -608437959300744
480231366 856819096 111448428 401104953 880576021 986543023 0
10142 419 57972202024098
595897002 148609349 217318474 564910043 392394946 400347479 0
410396 359186 726689523231491
277463106 915159044 583204091 857700096 229344020 59461317 0
303311 110736 512415305903464
666035825 663312460 342898070 978145249 884610547 450954647 0
500000 125000 125000
1 0 0 1 0 2 0
500000 295761 492531
2 9 790799243 46709415 457868257 11 0
55543 47854 -557474407575644
681188155 768890723 975388764 156706128 927642973 560600998 0
321052 62603 -811274201911553
12092839 382133386 129720714 220088094 787091954 455669827 0
305831 291322 -624630185460562
213062623 820694578 386786516 588748814 272358166 682734181 0
209037 168455 1000000000000000
875748969 238592924 264150964 630091179 772342032 339538287 0
223897 54089 927743317260817
488650141 569229213 916512208 892137418 665662452 221364319 0
500000 0 1000000000000000
1 1 0 1 0 1000000000 0
