100
3 1 4
1100
1010
0000
1000
2 4 4
1111
1111
1111
0111
1011
1101
10 1 4
0110
0011
1000
0110
0110
1000
1111
1011
1100
1111
1111
10 10 5
11100
00001
00101
00011
00100
10101
10011
01010
00100
10000
01100
11100
10101
00100
01010
00011
00001
10000
10011
00101
10 10 8
10010101
10011000
11001100
10101011
00000001
00101100
01110111
01010100
00010011
00000010
10011000
01110111
00000001
00000010
10101011
11001100
10010101
00010011
01010100
00101100
1 10 10
0001101111
1111110000
1000011000
1110001110
0111000011
1100101111
0010110101
0001001111
0001101111
0110111110
0111101101
10 10 4
0110
0011
0010
0111
0011
1011
1100
1110
0111
1110
1100
0010
0100
0001
0111
0011
1010
1110
0110
1011
10 2 10
0000100000
1011011111
0111111100
0111011000
1101100100
0011000101
1000110010
0100110111
1011101100
0100101101
0101101111
1101100111
10 10 5
00111
11100
10001
01011
11011
00000
00011
00011
00100
01100
11011
10111
00000
01100
10001
00111
00011
00100
01011
11100
1 1 1
1
1
10 10 4
1111
0110
0110
1000
1100
0100
0000
0100
0111
1101
1011
0110
1111
1110
0111
1100
0000
1101
1000
0100
10 3 2
10
11
01
01
00
00
11
10
11
01
01
11
10
10 10 6
010000
010001
001101
101001
110000
001001
110011
101000
001000
010000
000000
001001
101001
110000
101000
010000
010001
110011
001000
001101
10 10 5
10011
11001
01001
11011
01101
10101
11101
01101
11101
01101
10001
11001
11011
10101
01101
01001
10111
00011
10011
11101
10 10 9
111001010
111001010
111001010
111001010
111001010
111001010
111001010
111001010
111001010
111001010
111101010
011001010
111001000
111001011
101001010
111001010
110001010
111011010
111001110
111000010
10 10 7
1111100
0010110
1111111
1110110
1100111
1101011
0110010
1001011
0011000
1101011
0110010
1110110
0010110
0111100
1100111
1111100
1001011
1111111
0011000
1101011
10 10 5
10100
11100
11111
11100
11100
10100
11111
11111
01111
11111
11111
01111
10000
01100
10101
11100
00100
10110
11000
10100
10 4 10
0110101111
1111111101
1010110011
0011010101
0001101111
0001010110
0001100111
0000011111
0001100111
1011110101
0110010111
0101101001
1000100101
0100011100
10 10 5
00000
01011
11110
11001
01011
01010
01001
11000
11110
00110
11000
01011
10000
00000
01001
11001
01000
01010
00110
11110
10 10 7
1011000
1011001
1011000
1011001
1001001
1011001
1011001
1011001
1011001
1011001
1001000
1011100
1010000
1011010
1011000
1111000
1001001
0011000
1011001
0011001
10 10 4
1101
1011
1010
1010
1011
1010
0001
1100
1111
1001
0010
1101
1001
1100
1111
0001
1011
0011
1010
0101
10 10 10
1100111001
1100111001
1101101001
1111110111
1101101001
1111110111
1100111001
1100111001
1100111001
1100111001
1101111001
1111110111
1100101001
1000111001
1100110001
1101101001
1110111001
1100011001
0100111001
1100111001
10 10 4
0101
1001
1000
1101
0011
0101
1011
1111
1001
0110
0101
1011
1001
1101
0011
0111
1111
1000
0001
0110
10 10 10
0101110010
1010001000
0101100010
1010101000
1011011000
1011101100
1011101001
1010011000
1011101000
0101111010
0101110010
1011011000
1011101100
0101111010
1010101000
0101100010
1010011000
1011101000
1010001000
1011101001
10 10 6
000011
000001
011010
001010
000011
100010
000010
000110
000000
100011
000001
011010
010011
000010
000011
000000
000110
100011
001010
100010
1 1 10
1111111111
1111111111
10 10 10
1011011001
0001010001
0101010001
1011011001
0101010001
1011011001
0100110111
1011011001
0101010001
1011011001
1011011001
0100110111
1010011001
0101010001
0001010001
1001011001
1111011001
1011111001
0011011001
1011001001
10 10 10
0111011111
0111011111
0111011111
1111011111
0111011111
0111011111
0111011111
0111011111
0111011111
0111011111
0011011111
1111011111
0111010111
0111011101
0111011111
0111001111
0110011111
0101011111
0111111111
0111011011
10 3 2
11
11
11
11
00
11
11
11
10
10
10
11
00
10 10 9
011110110
100011100
100000100
100010100
100011101
011110110
011110010
011110110
011110110
100010100
100011100
001110110
100000100
011110010
111110110
010110110
011010110
100010100
011110110
100011101
10 10 6
111010
010000
111100
011101
011000
010000
011100
011100
111000
011101
011100
110010
011010
111010
101010
111100
010000
011000
111000
011101
10 10 5
10001
00001
01011
10000
10001
10001
01001
10001
10101
01001
01011
10001
00101
10101
01001
00001
00011
11001
10000
10011
10 10 8
00011100
11111000
10111010
01111000
00011000
00111000
11110000
00011100
10111000
10011000
10011100
11111000
10011000
10111010
00011100
11110000
01111000
10111000
00111000
00011000
10 10 4
0110
1110
0011
0111
0101
1111
1111
1001
0011
1100
0111
1100
0101
0010
1110
0110
0011
1111
1001
0100
10 10 4
1001
0001
0001
1001
1011
1101
0010
0001
1100
1000
0101
1101
0001
0010
1011
1000
1100
0000
0011
1001
10 10 8
00010000
11111010
10010000
11111111
00100100
00010000
00111101
10010011
11111011
01111111
01010000
10010011
00111101
10010000
00010000
00100100
11111111
11111011
01111111
11111010
10 10 5
01101
00010
10011
10001
11000
10101
00100
01100
00101
10100
10100
00010
01101
10101
01100
00101
11000
10011
00100
10001
10 5 10
0001100110
1101000010
1111101000
0001111010
1100111111
0101100111
1011011010
0011101111
1010001011
0110010100
0000110011
0100101110
1010110100
0111101010
1110011101
3 10 10
1010100101
0011110100
0111011101
0100011100
0010010000
1001010000
0110111001
1101111111
0001011110
1011100000
0000100111
0110011100
1001100000
10 7 3
001
110
110
111
000
000
000
000
001
110
011
001
110
101
000
111
010
10 10 7
0011000
1010111
0010010
0110010
1010110
0011010
0010010
0000010
1110111
0100010
0100010
0000010
1010111
1110111
0011000
0011010
0010010
1011000
1010110
0110010
10 10 10
0000001101
0000001101
0000001101
0000001101
0000001101
0000001101
0000001101
0000001101
0000001101
0000001101
1000010101
1010111001
0001101011
1111001001
0110000000
0001010111
0101100110
1110000100
1000010011
0100111100
10 10 8
00010101
10011001
10111101
00010100
00011001
00010000
10111101
10011101
10111111
01010101
00010100
10011001
10010101
00011001
00010000
10111111
00010101
10011101
10111101
01010101
10 10 9
001010100
001110101
110110000
100010100
111011001
011011011
010110000
000011101
111100100
010011100
011011011
111100100
110110000
000011101
001010100
100010100
001110101
010011100
010110000
111011001
10 10 10
1001000111
1011101101
1101001011
1100011101
0110010110
1101000100
1000011111
1100001011
0110000100
1100110101
1000011111
1011101101
0110000100
1101000100
1101001011
0110010110
1100001011
1001000111
1100110101
1100011101
10 10 10
0011101100
1111000110
0001101101
1000000000
1010100000
1111111100
1110100000
1010110010
1010010011
0010001010
0011100111
0000101001
1010011100
0001000000
0001110000
1010010101
1011011011
0010011000
0001011101
0010100100
10 10 6
101010
000101
010011
111101
101100
110111
111011
111111
110001
010001
110111
111011
010001
111101
111111
010011
000101
101100
110001
101010
1 10 10
0111110011
1000101100
1011100101
0111110011
0111111111
0001000010
1111001001
0111100010
1000000101
1100101011
1000111011
8 10 4
1111
1101
1010
1000
0011
1110
1001
1001
1111
0001
0110
1100
1110
0011
0100
1011
1001
0111
10 10 9
111110000
010111101
000101000
111111111
110100010
101000001
010000100
100011111
001011000
110000111
010111101
110100010
110000111
010000100
000101000
111111111
101000001
111110000
001011000
100011111
10 10 8
10010110
10010110
01000000
10010110
01000010
01000000
01000000
01010000
10110110
01100000
10110110
01000000
00010110
10010110
01100000
01000010
01010000
10000110
11010110
10011110
10 10 5
00000
00000
00000
00000
00000
00000
00000
00000
00000
00000
00010
00100
10001
10000
01000
00000
11000
10010
10100
00001
10 10 4
0010
1000
1010
0000
1111
0001
1100
0110
1010
1001
0010
1001
0011
1100
0110
1000
0001
1111
1010
0000
10 10 4
1000
1000
1000
1000
1000
1000
0101
1000
1000
1000
1100
1101
0101
0100
1000
1001
0000
0111
0001
1010
10 10 10
1110110000
1111011010
1111100010
1111100010
1111010010
0111100011
1111110000
1111100010
1111110010
1111100011
1111011010
1110110000
1111010010
0110110000
1010110000
0111100011
1111110000
1111100011
1111110010
1111100010
1 10 10
0010011011
1110110010
1101111011
1111000001
1001000110
0110000010
1010010011
0000110001
1000100010
0010010111
0010011011
10 3 2
10
10
00
00
11
01
01
11
01
11
10
00
11
1 1 4
0000
0000
9 4 10
0001001010
1110001100
0001100001
0110100111
1100111001
0100010011
0101001101
1001000101
0111010101
0100101001
0111010100
0001111001
0110010100
10 10 4
0110
1110
0110
0110
1100
0110
0110
0110
0110
0110
1010
0110
1000
0010
1110
1100
1111
0111
0100
1101
10 10 10
1101111101
0010011011
0010011011
0010011011
1100111101
0010011011
0010011011
0110011011
1100111101
0110011011
1100000010
0101100101
1101000011
1011100000
0111110110
1000100111
1001010111
0101000101
0001101001
1011101101
10 10 4
1110
1001
1000
0001
1100
1111
1111
0111
1000
0110
1101
1010
0001
1111
0110
1001
1110
1100
1000
0111
10 10 5
01101
01100
00100
01111
01111
10101
10111
10101
01101
11000
10111
00100
10101
11000
01101
11101
01001
00101
01111
01100
1 10 10
1010111000
1111100000
0001100000
0111100101
1010011111
1110000101
1011010011
0101101010
1011100100
0001101101
1010111000
5 10 10
1001110001
1101110000
1000001001
0000111010
0110011101
1000011000
0010111010
0101111000
1101011101
0111100010
0100011010
1000111011
1010000110
0011101100
0100000101
10 10 4
0111
0010
0001
0000
0110
0101
1001
0111
0110
0111
0001
0110
1111
1010
0111
0010
0101
0000
1001
0011
10 7 6
011111
100110
001110
000100
010010
010011
101010
011100
000010
110010
010100
000010
101101
010001
010000
011101
101100
10 10 4
0001
0011
0111
0101
1101
0101
1001
0001
0101
0101
1011
0011
0111
1111
0000
0101
0001
0010
1101
1001
10 10 10
1111111100
1001101011
0001100011
0011100000
1111100111
0000110000
0000001110
0110101010
1111001111
1000110110
0011100000
0001100011
0110101010
1000110110
1001101011
0000110000
0000001110
1111111100
1111001111
1111100111
10 10 7
1100111
0110111
0101111
0100111
1101011
0111111
0100011
0100111
0101111
0101111
1000111
0100111
0111111
0100011
0101111
1101011
1100111
0110111
1110111
1101111
10 10 4
1100
0000
1000
0100
0001
0110
1100
0110
1110
1100
1101
0000
1000
1010
0001
0110
0010
1110
0100
1100
10 10 10
1100011011
0001011011
1100010011
1101011011
0100011011
0100011010
0101011011
1101111011
0110111111
0100011001
0100011011
1101111011
0110111111
0100011010
1101011011
0001011011
0101011011
1100011011
1100010011
0100011001
10 10 10
0101001000
0110011000
1010001010
0111110101
0010101011
1000010101
0010000110
0100101110
0010011011
0111010100
1101011001
1011011000
0001111101
0011110101
1100101110
0001000000
0000001100
0101010101
1000000101
1110011111
2 4 6
011001
010001
101011
111111
011001
010001
10 10 7
0100111
0101111
1101011
1101001
1111011
1101000
1111010
1101010
0101111
1101111
0101111
1111010
1101001
0100111
1101010
1101011
1101111
1100111
1111011
1101000
10 3 2
01
01
10
00
10
11
01
01
01
00
00
10
01
10 10 8
01010110
00010010
00001110
11100000
00000011
00000001
00111101
10001100
11000100
00011010
00001110
00010010
00011010
11000100
01010110
10001100
00000001
11100000
00111101
00000011
10 10 10
1101000011
1101000011
1001111110
1001011110
1001011110
1001011110
1100000011
1001011110
1001011110
1001011110
1101001011
1101000011
1101010011
1101100011
1100000011
1001111110
0101000011
1001000011
1111000011
1001011110
10 10 4
1100
1000
1000
1110
1001
1001
1111
1101
1011
1101
1001
1111
1101
0000
1110
1011
1100
1010
1000
0100
7 9 8
11010011
00111000
10000101
00001111
11010100
01101110
10111100
00101011
11010000
00011110
00110011
01000101
11011110
00110000
10101101
11000100
10 10 5
10111
11100
11011
00000
01001
00011
01100
10001
11011
11000
11100
00000
11000
10111
10001
00011
01001
01100
00111
11011
10 10 9
010100011
101010011
011110010
110101101
011101100
110110101
111011001
001100010
001110100
001001111
011101100
001001111
001110100
110110101
001100010
101010011
011110010
111011001
110101101
010100011
10 10 7
1100111
1100110
1000011
1010010
1100010
1111111
1110010
1101111
1100111
1100011
1000011
1100011
1100110
1111111
1100010
1110010
0100111
1101111
1100111
1010010
10 10 8
00100011
10100011
01110011
10111110
10101100
00000100
10110110
11110110
01110011
00110111
00100011
01110011
00000100
10111110
01100011
11110110
10100011
10101100
10110110
00110111
10 10 10
1010010010
1100101010
1100010101
1000110110
0001011111
1000000001
0010101010
1110010100
0010011011
1011011111
0011010111
0001000111
1011001111
1010101001
0000011011
1010011010
1000111010
0000111000
0101110001
1010001001
10 10 7
0100101
1110010
1000010
1110000
1100111
0010100
1100110
0101001
0011001
0101100
0011001
0010100
1100110
0101001
0100101
1110010
1100111
1000010
1110000
0101100
10 10 6
100110
110001
101101
000010
101110
110000
100111
000011
100101
010010
100101
110000
000011
100110
101110
010010
110001
000010
101101
100111
10 10 9
100011101
000001111
101111101
100111101
111011101
101101000
100001111
101011101
100001101
001101000
100011101
111011101
101101000
100001101
100111101
100001111
101111101
001101000
101011101
000001111
10 3 10
1011111100
0010101101
1000110001
1101110100
0010000110
0101011010
1111100101
1111101011
1110111001
0010110001
0110100001
1111101011
1000110101
10 10 4
0001
0001
0001
0001
0001
0001
0001
0001
0001
0001
0100
0011
0111
1101
1001
0001
1011
0101
0000
1000
10 10 4
1000
0110
0000
1100
0000
0100
0110
0000
0110
0110
0100
1010
0110
0111
1110
1000
0000
0010
1100
1001
10 10 8
00001010
11111100
00111000
01101100
11111110
10000110
10011001
00001110
10110111
11011101
11111110
10011001
11011101
00111000
01101100
10110111
00001110
11111100
00001010
10000110
10 10 9
011111011
110000101
010101001
110011010
101100101
010100100
111110001
100110010
110010110
001000010
110011100
000101111
111110111
001100111
100101110
000000010
001111101
101010011
101101010
001101101
3 5 10
0110110011
0100110000
1011100010
0001100111
0101100011
1101110100
0110111000
0001000001
10 10 4
0011
1100
1101
1011
1000
1011
0011
0101
0110
0000
1011
1101
1100
1000
0101
0110
0111
0000
0001
0011
10 10 5
00001
11000
00000
10100
10000
10000
10111
11000
11110
01011
10111
00000
00001
10001
11000
10000
11110
01001
01011
10100
10 10 9
101110000
110010001
010001100
010011100
101110001
111111001
111110001
111010001
110110001
111111110
111111110
111110001
010011100
111111001
010001100
110110001
110010001
101110001
111010001
101110000
10 10 6
000100
111100
010010
000000
011000
111001
100010
001011
110011
000101
010010
111001
001011
000101
111100
000000
000100
100010
011000
110011
10 8 10
0011011101
0001101110
0000101101
1110001011
0011111001
0111000001
1011001111
1101100111
1111100010
0011001101
1101111011
1010100111
1111000101
1000010110
0000111011
1111101111
0100100000
0111000101
1 10 10
0111101111
0111101111
0101101011
0001011011
1000000100
0100011100
0111010000
1011000001
1010111000
1000010011
0110010111
