100
3 1 4
1100
1010
0000
1000
2 4 4
1111
1111
1111
0111
1011
1101
10 10 9
010111011
010111110
110100011
000111111
001100101
000011110
100010000
101111010
101010010
001011000
110100011
000111111
010111110
001011000
100010000
101010010
010111011
001100101
101111010
000011110
10 10 4
1001
1001
1001
1001
1001
1001
1001
1001
1001
1001
0011
1011
1101
1100
0001
0000
1111
1000
0101
1001
10 10 4
0000
0101
1111
0001
0100
1000
0111
0100
0000
1010
0001
0101
0010
1111
0100
1010
0111
0000
1000
1101
5 6 10
1111110011
1111010110
1001101100
1000100010
1111110110
1011101001
1000001110
1100100011
0101110110
1100011000
1010001010
1 10 10
1011001111
0100010000
0110010011
1101011111
0111011001
0000101100
1111011000
0010101000
1001010111
1011011001
1011001111
10 10 5
11000
11000
11000
11000
11000
11000
11000
11000
11000
11000
01000
00000
11010
11100
11001
10000
11000
01100
01001
01010
10 7 3
011
110
000
001
010
111
110
101
010
110
111
110
000
010
001
011
101
10 10 7
1111100
0011010
0000100
0010010
0100000
0011011
0000000
0010010
0000000
0000100
0011011
0010010
0000100
1111100
1011100
1101100
0111100
0000000
0100000
0011010
10 1 1
1
0
0
0
0
0
0
1
0
1
1
10 10 5
01001
11111
11011
01011
11000
00110
11111
11101
11101
11100
01001
11001
11111
00001
11101
11100
00110
11011
01011
11000
10 10 6
001100
101111
101100
101101
111100
001101
111111
101101
101111
001000
011100
101111
001101
111111
101100
001000
111100
000100
101101
001100
10 10 10
0010010011
0111000110
0001111100
1011110011
1110011111
0010010001
1010000101
1010001100
0011110110
0010101010
1010000101
0010010001
1110011111
0010101010
1011110011
0011110110
0001111100
0010010011
0111000110
1010001100
10 10 8
01011101
01011101
01011101
01011101
01011101
10000110
10000110
10000110
01011101
01011101
01001101
01010101
01011001
11011101
10000110
01111101
01011100
01011101
00011101
01011111
10 10 5
01011
01010
01110
01001
01000
11110
01110
11111
01001
00011
01110
01000
11011
00011
01111
01010
01011
11111
11110
01001
1 1 10
1111111111
1111111111
1 10 4
0000
0001
1111
1110
1010
0110
1100
1001
0000
0011
1011
10 10 4
1000
1011
0000
1111
0111
0001
1000
1001
1010
1100
1100
1001
0111
0011
1011
0000
1111
1010
1000
0001
10 10 8
11011100
00000110
11010101
01010101
11010101
10000110
11010100
01011101
11010100
11011100
10000110
11111100
11011100
01010101
10011100
11010100
01011100
01011101
00000110
11010101
10 10 9
111010011
000110000
000010111
100000111
111100010
100110101
100001111
011000110
010001001
100100110
100100110
011000110
010001001
100000111
100001111
000010111
000110000
111010011
111100010
100110101
10 10 8
10101111
10011110
10001100
01110100
11010100
00011001
11011111
10101001
11010010
00111011
00010000
01000010
11100011
11101111
10001001
00111010
11100110
01010000
11000001
10111001
10 4 10
1001110010
0000111111
1111011011
1100111011
1001110111
1011011001
0100001101
1100100111
0001101011
0101110001
0100101110
1100100000
1110111011
0000101110
10 10 5
00000
01010
11010
11010
01001
00001
11101
01010
10100
11101
01000
11101
00001
00000
00100
10100
10000
01001
01010
11010
10 10 9
100111010
110101111
111111001
010110000
101001011
010101101
000111001
000110010
110111001
001001100
001001100
000110010
110111001
110101111
010101101
111111001
010110000
100111010
101001011
000111001
10 10 4
0111
0111
0001
1111
1110
1100
1000
1101
0000
0001
1000
1101
0111
0001
1100
1110
1111
0101
0011
0000
10 7 10
0000100000
0100001011
0110011011
0010011000
0001010000
1010101010
1010001010
0000001100
0011111010
1111001011
0110010101
0000000011
0001011100
1001101100
0110101101
1111101000
1000010011
1 10 10
1010010011
0010000010
1100001100
0101110100
1010011010
0001111111
1100001101
1011011101
1010010011
1000101010
1111001111
10 10 7
1101000
1111000
1111001
0000101
0000111
1111011
1101011
1101001
1101000
1101010
1111011
0101000
1111001
1101000
1111000
0000111
0000101
1101001
1101011
1101010
10 10 4
0001
1001
1011
1110
1010
0101
1000
1010
1001
1101
1001
0011
1000
1010
0000
1110
0001
0101
1101
1011
10 10 9
000010110
000110110
000010110
000010110
000010110
000010110
000010111
000010110
000010111
000010111
000010100
000000110
000010110
100010110
000110110
001010110
000010010
010010110
000010111
000011110
10 10 10
1011011001
0000111000
1100100101
0000000110
0100010001
0001010101
0100000111
1101011100
0011111011
0001100000
0100000111
0000111000
0100010001
0001100000
1100100101
0001010101
1101011100
0000000110
1011011001
0011111011
10 10 6
001111
011010
111100
000111
010111
110100
000100
111111
011001
011110
000111
111100
011010
011001
000100
110100
111111
001111
011110
010111
10 10 6
101001
000110
111011
111010
011101
110111
100100
101100
010000
111011
000110
101001
011101
010000
110111
001001
111011
101100
111010
100100
10 10 7
1010010
1111011
0111001
0111010
1100110
0000100
0101101
0000111
1111111
1100101
1111011
0101101
0111001
1100110
1100101
0000100
0111010
1010010
1111111
0000111
1 10 10
0101111111
1110011000
0101100101
0101111111
1110101011
1100010001
1101100001
0101001001
0110111000
1010111110
1101111011
10 10 9
100011001
100001110
011011000
101111111
010001100
010111101
101000010
001101111
000011110
011100001
100100011
000110101
111100111
101111100
100000010
011001001
010110011
011110111
111100110
011010001
1 1 1
1
1
10 10 5
11011
11010
11101
00110
00001
10100
01110
01011
11000
10111
00110
01011
11101
11011
11000
01110
00001
11010
10100
10111
10 10 8
01000111
01111110
00101010
01100010
10100000
10100110
10000110
01111101
11010111
00110111
00110111
00101010
01111101
10100110
01111110
01100010
01000111
10000110
11010111
10100000
10 10 10
0001010000
0101000101
1001101000
1000011100
1001010110
1000010101
0111010010
0101001110
1100001011
1110110110
1100001011
1001010110
0101000101
0001010000
1000010101
0111010010
1001101000
1000011100
0101001110
1110110110
10 10 9
011111011
101101001
011101111
111101011
001101011
011101011
011101011
011101110
101101011
011101011
111111011
111101011
101101001
001101011
011101011
011101110
011111011
011101111
101101011
001111011
10 10 6
010000
011000
010000
010010
001000
011000
011010
011000
010001
011010
010100
010010
010001
111000
010000
011000
000000
110000
001000
011010
10 4 10
0010101010
1111100111
0110111000
0111001101
1110111011
0100011000
0100001110
0001010000
0010110100
0111111110
0111011000
0001110110
1101000101
1011010010
10 10 8
10111001
00101101
10111001
10111011
10101001
10101011
10111101
10111101
11111011
10101101
00111001
00101101
10111101
10101011
10101001
11111001
10101101
11111011
10111001
10111011
10 10 4
0011
1001
0011
0011
1001
0011
1001
1001
0011
1001
1000
1001
0001
0011
1010
1101
1111
0010
1011
0111
10 10 7
0100110
0101010
1100101
1101111
1101101
0100110
0111110
0110001
0101110
1100111
1101111
1100111
0101010
0101110
1100101
1100110
0111110
1101101
0110001
0100110
10 10 6
010011
111111
110100
001100
010011
011100
101111
100000
011110
010100
011100
101111
011110
111111
010100
010011
110011
110100
100000
001100
10 10 4
0010
0111
1010
1001
1110
0001
0000
1000
1011
0001
1001
1010
1011
0000
1110
0110
0010
1000
0111
0001
9 3 9
010110100
010111000
101000101
100101000
011011000
111101011
010011010
010001110
110011000
010011101
111010010
110000101
10 10 8
10000101
11111111
10000101
11111111
11111111
10000101
11111111
11111111
11111011
11111111
10010101
11111011
10000101
10001101
11111111
00000101
10000001
11000101
10000111
10100101
10 10 9
001011011
110010011
111001111
001110011
011010011
101011110
100110101
010001110
011100000
000110110
110100110
101110011
001001111
101101101
011010101
110110000
110100111
001000111
011101101
100000010
10 10 7
1100000
1000000
1011001
1011101
0000000
1000100
1011111
0010100
1000111
1001111
1100000
1011111
1011101
0010100
1000111
0000000
1000100
1001111
1011001
1000000
10 10 9
001000100
001111110
011000100
001110110
000110110
111101000
001111110
111101000
011000100
001111110
000110110
011000100
001111110
001010100
000000100
101000100
111101000
001110110
001000100
001100100
9 3 4
1110
0100
1110
0010
0000
0111
0010
0100
0000
0100
0001
0110
10 10 10
0101010110
0101010011
1100111101
0111110010
0011110010
0011110011
0101000011
0101000001
0011110001
0101010111
0101010011
0101000001
0101010111
0011110010
0101010110
0111110010
0101000011
1100111101
0011110001
0011110011
10 5 6
001000
110010
010001
111000
000101
101110
010111
111110
001000
000010
001100
000000
011100
110111
100010
10 10 5
10010
01000
11111
01000
11000
11100
11110
00010
11000
01010
11110
10010
11010
01000
11000
00010
11100
10110
01010
11111
9 1 10
0101001101
0110100001
0000001001
1000000110
1101000100
1001100110
0000101111
0011100100
0110000101
0010010100
10 10 4
0000
0010
0011
1111
0101
0001
1110
0000
1101
0101
0010
0011
0001
0100
1000
1101
0101
1111
0000
1110
10 10 6
111110
111001
011100
110011
011101
111100
100100
100011
110101
111001
110101
111100
100100
100011
011100
011110
111110
011101
110011
111001
2 4 6
011001
010001
101011
111111
011001
010001
10 10 6
110000
111111
010111
110010
111110
101001
000010
101011
011010
001011
110000
011010
101011
111110
111111
110010
001011
000010
101001
010111
10 10 10
0001001111
0001001111
0001001111
0001001111
0001001111
0000001111
0100010001
0001001011
0001001111
0001001111
1111111001
0001111010
1110100100
0000110001
1001010001
0001100001
1100011110
0111111000
0011111001
1110110010
10 7 3
011
110
110
100
101
111
101
010
000
011
011
010
110
000
111
101
100
10 10 8
00110101
10100000
10101111
11001011
10001001
00011100
01011111
01111000
00000110
11101111
01111000
11001011
10100000
11101111
01011111
10101111
10001001
00110101
00000110
00011100
10 10 6
100100
000010
001111
000111
000111
011001
101100
011111
001010
110000
000010
101100
100100
001111
000100
000111
011111
011001
001010
110000
10 10 7
1011111
1011011
0110110
0011111
0011011
0110010
1011111
1110110
1010111
0011111
0110110
1011011
0011011
1011111
1010111
1001111
0011111
0110010
1111111
1110110
10 2 10
0101110100
0110001010
0110101111
0000111000
1000001011
1010001100
0110011000
1000111110
0111011110
1100011001
0010111101
0110011010
10 10 5
01000
00100
01100
11100
10010
10110
10001
00100
11111
00001
00001
01000
11000
10110
11111
01100
10001
00100
11100
10010
10 10 8
01011010
01111011
01011010
01111111
01111010
01001010
01011010
01111111
10111111
10110111
01111010
01011010
10110111
11011010
10111111
01111111
01111011
00011010
01010010
01001010
10 10 7
1010110
0101000
1011010
0111110
1111110
1011110
0101100
0101110
1001000
0001000
0101000
0101110
1010110
0101100
0111110
1011010
1001000
1111110
1011110
0001000
10 10 7
1001000
1110101
1011011
1010110
0110010
1010110
0000101
1000001
1100111
1110110
1001000
1010110
1110101
0001000
1110110
1011011
0000101
1000001
1100111
0110010
10 10 4
0000
1110
0011
0111
0101
0001
0100
1011
1101
1111
1110
0011
0111
1111
1101
1011
0101
0001
0100
0000
10 10 10
1111111010
1111010010
1111010010
1111010010
1111111010
1111010010
1111010010
1111111010
1111010010
1111010010
1110111010
1111111110
1111110010
1111011010
1101111010
1011111010
1111101010
0111111010
1111010010
1111111010
10 10 4
0011
1010
1010
0100
1010
1010
1010
1010
0100
1010
1100
1011
1000
1010
1110
0010
0100
0001
0011
0111
8 10 4
1100
0011
0101
0110
0000
0110
0100
1110
0010
0000
0111
0001
0110
0011
0101
1110
1000
1010
10 7 3
100
110
100
000
110
100
010
100
001
001
101
001
100
110
010
111
000
10 10 8
01001001
01001101
01001101
01001001
01001011
01001011
01101011
01001011
01001011
01001001
01001101
11001001
01001000
01101001
01000001
01101011
01001001
01001011
00001001
01011001
10 10 4
0111
0100
1000
1011
0001
1110
0101
0110
1110
1111
0110
1111
1110
0100
1000
0011
0101
1011
0001
0111
10 1 1
0
1
1
1
0
0
0
0
0
1
0
10 10 7
1010000
0010010
1010010
0110010
0011010
0010010
1010010
1110010
0110010
1010010
1010010
0010010
0010000
1000000
0011010
0110010
1010000
1011000
1110000
1110010
10 10 6
101100
011010
111011
001100
111110
111110
011110
111010
100100
111011
101000
111110
111100
111010
101100
001100
111011
011010
100100
011110
10 10 9
100100001
011010111
101000000
101100000
100100000
000100010
001000010
000000010
011000010
101100010
101100000
101000000
101100010
001000010
011000010
011010111
000100010
100100000
000000010
100100001
10 10 6
011011
111111
110101
001010
001110
011110
100101
111000
100110
100001
100101
001110
100110
100001
011110
111000
110101
011011
001010
111111
10 10 5
11010
11011
01010
11100
00010
11101
00100
11101
01010
00001
11010
11100
00010
11101
11011
01010
00100
00001
10010
11110
1 10 10
0100001001
0100001001
1010111000
0111110000
1000101010
0110010000
1010000001
1111001010
0110011001
1010010001
0000110000
10 10 9
000101110
000101110
000101110
000101110
000101110
000101110
000101110
000101110
000101110
000101110
000111110
000101010
000101110
000001110
001101110
000100110
000101100
000101111
100101110
010101110
1 10 10
0100111001
0010000010
1110101100
0001110100
1010000110
1000011101
0100111001
1110000110
0100001111
1101000111
0001101111
10 10 10
0111000000
0111000000
0111000000
0111000000
0111000000
0111000000
0111000000
0111000000
0111000000
0111000000
1101101011
0001101001
1001111010
0110100011
0000011011
1001101011
0000100000
0111100010
1001111001
1000001110
10 2 10
1000010111
0111011101
1000000111
1010001011
1101001001
0100011100
0010101011
1100000000
0101011110
0011101010
1001111111
0101001011
10 10 8
00011110
01101010
11000000
10100110
01010001
10111101
10110011
10000011
11000000
10011010
10111101
01010001
10100110
10011110
11000000
10011010
10110011
10000011
01101010
00011110
10 10 9
001011001
011110100
101110110
100101011
100110011
110000101
001110111
011100101
110100000
010101010
001110111
101110110
011100101
100101011
110100000
011110100
100110011
001011001
110000101
010101010
1 1 4
0000
0000
10 10 5
00001
00111
00011
00111
11011
00100
00111
01110
11010
00101
00010
01110
10101
11011
11110
10100
01111
00100
00101
11101
10 2 10
0000001000
0100000110
0100010001
1010101011
0110110001
1101111001
1001010001
0110011110
0001010111
1110101010
0000101011
0100100000
10 10 5
11101
10111
11111
10001
01011
00001
01010
01010
11100
10100
11101
10111
01010
10100
01011
11100
10001
00001
01101
11111
10 10 8
10100110
10110010
10000110
10100110
10100100
10100010
01011110
10100010
10100110
10000010
10110110
10000010
10100100
10110010
10100110
01011110
00100110
11100110
10100010
10000110
10 10 5
01001
00100
10111
10000
11010
10000
00000
10000
10101
10110
10110
00100
10101
10111
10000
11010
01001
11001
00001
00000
10 10 7
1110000
0011001
1111100
1110000
0110000
1111000
0011000
1111000
1111000
1110100
0110000
0011001
1110000
1010000
1110100
1111100
0011000
1100000
1111000
1110010
